+0s 1 288.8 -186.172 5 14
+0s 2 -346.472 -248.944 5 14
+0s 3 -352.304 -346.71 5 14
+0s 4 317.82 -122.967 5 14
+0s 5 265.551 -365.878 5 14
+0s 6 -291.5 468.016 5 14
+0s 7 -358.191 296.622 5 14
+0s 8 345.853 58.1015 5 14
+0s 9 98.512 -254.616 5 14
+0s 10 -32.6404 -233.399 5 14
+0s 11 -68.4212 -84.9304 5 14
+0s 12 232.862 -372.627 5 14
+0s 13 154.171 142.183 5 14
+0s 14 250.03 -337.15 5 14
+0s 15 124.535 -105.85 5 14
+0s 16 -115.214 -139.713 5 14
+0s 17 -212.737 -456.83 5 14
+0s 18 -427.367 -257.962 5 14
+0s 19 71.1925 477.606 5 14
+0s 20 -285.76 -87.9499 5 14
+0s 21 -217.981 -379.63 5 14
+0s 22 197.141 254.869 5 14
+0s 23 492.832 -313.674 5 14
+0s 24 -396.744 -271.111 5 14
+0s 25 74.6792 -172.987 5 14
+0s 26 221.167 -410.217 5 14
+0s 27 -430.73 20.2049 5 14
+0s 28 167.852 137.686 5 14
+0s 29 78.8252 29.479 5 14
+0s 30 196.77 237.973 5 14
+0s 31 -213.745 -409.564 5 14
+0s 32 13.4296 344.941 5 14
+0s 33 107.958 -206.491 5 14
+0s 34 -78.8361 484.55 5 14
+0s 35 -133.525 -239.148 5 14
+0s 36 73.9447 340.948 5 14
+0s 37 11.0854 -189.196 5 14
+0s 38 -172.14 142.177 5 14
+0s 39 -255.347 313.689 5 14
+0s 40 -428.006 -231.065 5 14
+0s 41 4.52638 451.203 5 14
+0s 42 412.456 13.6445 5 14
+0s 43 420.752 369.577 5 14
+0s 44 -128.331 188.992 5 14
+0s 45 -168.046 30.9619 5 14
+0s 46 -493.73 -281.807 5 14
+0s 47 73.6655 -349.037 5 14
+0s 48 320.645 331.309 5 14
+0s 49 -406.068 318.611 5 14
+0s 50 -163.611 81.4039 5 14
+0s 51 -90.3273 236.395 5 14
+0s 52 -137.914 -87.4237 5 14
+0s 53 327.408 325.422 5 14
+0s 54 224.94 -356.792 5 14
+0s 55 419.205 -148.916 5 14
+0s 56 30.4298 -267.555 5 14
+0s 57 -48.7531 310.746 5 14
+0s 58 -258.887 106.156 5 14
+0s 59 -126.795 -182.415 5 14
+0s 60 468.483 167.434 5 14
+0s 61 450.799 225.582 5 14
+0s 62 -161.685 329.583 5 14
+0s 63 290.224 -106.564 5 14
+0s 64 -444.567 -348.814 5 14
+0s 65 -384.43 -335.159 5 14
+0s 66 -111.302 23.4225 5 14
+0s 67 35.633 -387.884 5 14
+0s 68 31.5114 83.4099 5 14
+0s 69 -266.12 371.5 5 14
+0s 70 -310.125 363.744 5 14
+0s 71 279.737 142.672 5 14
+0s 72 -8.24814 -50.3384 5 14
+0s 73 406.367 202.001 5 14
+0s 74 46.8767 33.3467 5 14
+0s 75 -362.144 282.046 5 14
+0s 76 269.198 -321.327 5 14
+0s 77 -432.112 248.17 5 14
+0s 78 -307.29 477.09 5 14
+0s 79 -321.6 306.159 5 14
+0s 80 486.8 286.421 5 14
+0s 81 -273.885 -160.051 5 14
+0s 82 -185.469 106.61 5 14
+0s 83 -489.937 62.2626 5 14
+0s 84 -81.4947 151.694 5 14
+0s 85 -311.358 490.976 5 14
+0s 86 -311.067 -347.65 5 14
+0s 87 79.3488 -274.201 5 14
+0s 88 -391.901 385.145 5 14
+0s 89 -494.588 84.7868 5 14
+0s 90 -156.466 244.674 5 14
+0s 91 31.4542 -28.8758 5 14
+0s 92 -254.999 -247.593 5 14
+0s 93 -458.32 -419.703 5 14
+0s 94 455.706 -355.484 5 14
+0s 95 -371.154 -139.575 5 14
+0s 96 130.827 -167.277 5 14
+0s 97 33.9915 334.374 5 14
+0s 98 85.3822 -172.832 5 14
+0s 99 73.6948 306.292 5 14
+0s 100 -255.634 394.7 5 14
+0s 101 -493.947 -372.796 5 14
+0s 102 -156.52 -202.263 5 14
+0s 103 124.619 120.669 5 14
+0s 104 309.364 446.109 5 14
+0s 105 228.032 228.91 5 14
+0s 106 -7.06039 436.907 5 14
+0s 107 -125.642 -169.294 5 14
+0s 108 -427.134 133.894 5 14
+0s 109 -11.0298 6.24197 5 14
+0s 110 426.162 -99.5884 5 14
+0s 111 397.58 448.534 5 14
+0s 112 37.1834 421.557 5 14
+0s 113 66.8774 481.881 5 14
+0s 114 -381.097 292.327 5 14
+0s 115 -19.5847 13.2249 5 14
+0s 116 -390.594 386.414 5 14
+0s 117 224.654 -290.502 5 14
+0s 118 -272.059 131.093 5 14
+0s 119 364.343 251.705 5 14
+0s 120 -201.282 76.6243 5 14
+0s 121 -407.899 -403.372 5 14
+0s 122 126.044 -380.459 5 14
+0s 123 -452.037 -463.997 5 14
+0s 124 474.757 -204.439 5 14
+0s 125 -366.263 -120.428 5 14
+0s 126 -416.212 283.495 5 14
+0s 127 338.317 92.8714 5 14
+0s 128 -66.6082 343.966 5 14
+0s 129 225.019 468.421 5 14
+0s 130 -448.672 460.797 5 14
+0s 131 473.107 202.767 5 14
+0s 132 -267.276 -72.5806 5 14
+0s 133 -226.828 -369.912 5 14
+0s 134 -134.058 -434.027 5 14
+0s 135 -379.847 -52.4603 5 14
+0s 136 -448.927 -63.4949 5 14
+0s 137 386.232 -419.625 5 14
+0s 138 -262.718 -300.197 5 14
+0s 139 160.618 -433.728 5 14
+0s 140 -475.209 176.14 5 14
+0s 141 80.2448 290.075 5 14
+0s 142 193.04 -422.23 5 14
+0s 143 -359.693 -463.434 5 14
+0s 144 -156.953 404.48 5 14
+0s 145 316.837 -235.712 5 14
+0s 146 415.833 255.298 5 14
+0s 147 339.25 -369.475 5 14
+0s 148 469.829 -282.446 5 14
+0s 149 -354.125 271.874 5 14
+0s 150 231.811 362.515 5 14
+0s 151 268.634 -320.086 5 14
+0s 152 -107.684 -427.956 5 14
+0s 153 252.454 163.358 5 14
+0s 154 -350.753 219.435 5 14
+0s 155 480.381 -178.616 5 14
+0s 156 -419.598 431.806 5 14
+0s 157 198.554 -177.291 5 14
+0s 158 -182.422 -473.27 5 14
+0s 159 262.788 -427.35 5 14
+0s 160 226.322 86.8429 5 14
+0s 161 480.675 -0.530744 5 14
+0s 162 232.678 -268.709 5 14
+0s 163 151.685 328.671 5 14
+0s 164 -386.531 -62.2101 5 14
+0s 165 -259.173 264.71 5 14
+0s 166 -364.216 -201.193 5 14
+0s 167 -129.881 -267.62 5 14
+0s 168 -478.367 18.8958 5 14
+0s 169 326.471 -208.586 5 14
+0s 170 -152.418 -463.914 5 14
+0s 171 474.777 -189.195 5 14
+0s 172 -68.5925 376.032 5 14
+0s 173 329.04 452.645 5 14
+0s 174 -112.994 -357.809 5 14
+0s 175 -354.859 480.484 5 14
+0s 176 367.85 -56.8158 5 14
+0s 177 300.155 134.437 5 14
+0s 178 -201.152 -254.799 5 14
+0s 179 -37.4698 296.688 5 14
+0s 180 -151.638 -474.666 5 14
+0s 181 240.633 -119.023 5 14
+0s 182 -211.782 -443.165 5 14
+0s 183 370.106 -171.707 5 14
+0s 184 146.48 113.098 5 14
+0s 185 -415.666 27.5959 5 14
+0s 186 71.2664 -293.865 5 14
+0s 187 96.4652 -299.728 5 14
+0s 188 83.4519 110.406 5 14
+0s 189 -149.259 214.785 5 14
+0s 190 226.729 483.554 5 14
+0s 191 -81.7611 -89.436 5 14
+0s 192 -446.815 370.978 5 14
+0s 193 -428.947 205.675 5 14
+0s 194 -159.43 -224.131 5 14
+0s 195 -259.2 -185.329 5 14
+0s 196 -403.8 82.5593 5 14
+0s 197 -50.7949 495.898 5 14
+0s 198 -469.217 155.18 5 14
+0s 199 166.345 183.949 5 14
+0s 200 190.556 -357.69 5 14
+0s 201 113.809 276.727 5 14
+0s 202 200.174 438.129 5 14
+0s 203 375.524 -307.077 5 14
+0s 204 74.0917 -247.263 5 14
+0s 205 -9.16256 286.938 5 14
+0s 206 387.94 205.788 5 14
+0s 207 492.008 -188.098 5 14
+0s 208 483.666 -35.0646 5 14
+0s 209 198.299 48.2541 5 14
+0s 210 298.611 327.813 5 14
+0s 211 118.498 166.543 5 14
+0s 212 -491.724 38.0195 5 14
+0s 213 -318.524 233.17 5 14
+0s 214 96.9124 233.94 5 14
+0s 215 85.7646 -318.85 5 14
+0s 216 64.6115 17.757 5 14
+0s 217 -386.49 -147.923 5 14
+0s 218 87.2203 165.581 5 14
+0s 219 -81.4491 274.13 5 14
+0s 220 -28.2034 84.6287 5 14
+0s 221 -96.8576 5.23405 5 14
+0s 222 323.001 440.689 5 14
+0s 223 -241.392 375.228 5 14
+0s 224 -8.5746 -143.419 5 14
+0s 225 261.499 335.691 5 14
+0s 226 -9.99355 -25.1383 5 14
+0s 227 180.725 -333.363 5 14
+0s 228 -364.009 269.35 5 14
+0s 229 -268.154 -342.044 5 14
+0s 230 -162.013 438.01 5 14
+0s 231 219.484 352.093 5 14
+0s 232 -490.179 -421.298 5 14
+0s 233 -41.1569 -453.12 5 14
+0s 234 335.013 441.049 5 14
+0s 235 418.623 -123.508 5 14
+0s 236 160.78 54.4674 5 14
+0s 237 -284.376 478.742 5 14
+0s 238 454.119 -434.039 5 14
+0s 239 -329.685 -458.232 5 14
+0s 240 -37.7798 124.836 5 14
+0s 241 130.842 -388.669 5 14
+0s 242 -439.094 -101.336 5 14
+0s 243 -55.2515 340.234 5 14
+0s 244 -318.732 358.978 5 14
+0s 245 449.896 -465.579 5 14
+0s 246 -220.218 28.3473 5 14
+0s 247 -266.621 35.5067 5 14
+0s 248 -246.945 -239.46 5 14
+0s 249 -457.307 424.029 5 14
+0s 250 350.697 120.897 5 14
+0s 251 92.3518 -241.192 5 14
+0s 252 -259.982 -98.9279 5 14
+0s 253 319.631 -462.426 5 14
+0s 254 -329.001 394.779 5 14
+0s 255 329.937 -413.369 5 14
+0s 256 237.436 287.876 5 14
+0s 257 71.874 472.525 5 14
+0s 258 -491.399 -468.271 5 14
+0s 259 -2.86006 406.899 5 14
+0s 260 -456.174 -80.341 5 14
+0s 261 216.537 -162.213 5 14
+0s 262 485.949 57.2414 5 14
+0s 263 249.658 274.714 5 14
+0s 264 193.65 431.777 5 14
+0s 265 382.593 489.679 5 14
+0s 266 324.897 -275.678 5 14
+0s 267 -232.148 -96.9601 5 14
+0s 268 261.404 -398.615 5 14
+0s 269 391.418 229.517 5 14
+0s 270 497.642 93.8253 5 14
+0s 271 385.856 -52.6553 5 14
+0s 272 77.8275 17.4619 5 14
+0s 273 -30.1589 308.354 5 14
+0s 274 -340.148 -434.649 5 14
+0s 275 134.332 -326.15 5 14
+0s 276 476.097 -19.2742 5 14
+0s 277 281.375 -52.2953 5 14
+0s 278 -146.68 -312.269 5 14
+0s 279 -431.552 -150.833 5 14
+0s 280 -393.734 -56.1842 5 14
+0s 281 -419.088 184.944 5 14
+0s 282 169.329 149.583 5 14
+0s 283 -393.693 -266.754 5 14
+0s 284 157.392 131.644 5 14
+0s 285 -7.00496 67.5256 5 14
+0s 286 -188.751 -36.6623 5 14
+0s 287 189.076 -66.1832 5 14
+0s 288 383.212 261.741 5 14
+0s 289 -458.217 -224.753 5 14
+0s 290 13.5505 49.7717 5 14
+0s 291 114.226 133.384 5 14
+0s 292 -289.096 371.18 5 14
+0s 293 -29.5298 -385.285 5 14
+0s 294 -274.552 -142.604 5 14
+0s 295 -368.762 423.684 5 14
+0s 296 -162.398 405.879 5 14
+0s 297 429.97 69.216 5 14
+0s 298 482.153 -69.8249 5 14
+0s 299 -237.512 470.037 5 14
+0s 300 114.972 -91.525 5 14
