+0s 1 288.8 -186.172 5 14
+0s 2 -346.472 -248.944 5 14
+0s 3 -352.304 -346.71 5 14
+0s 4 317.82 -122.967 5 14
+0s 5 265.551 -365.878 5 14
+0s 6 -291.5 468.016 5 14
+0s 7 -358.191 296.622 5 14
+0s 8 345.853 58.1015 5 14
+0s 9 98.512 -254.616 5 14
+0s 10 -32.6404 -233.399 5 14
+0s 11 -68.4212 -84.9304 5 14
+0s 12 232.862 -372.627 5 14
+0s 13 154.171 142.183 5 14
+0s 14 250.03 -337.15 5 14
+0s 15 124.535 -105.85 5 14
+0s 16 -115.214 -139.713 5 14
+0s 17 -212.737 -456.83 5 14
+0s 18 -427.367 -257.962 5 14
+0s 19 71.1925 477.606 5 14
+0s 20 -285.76 -87.9499 5 14
+0s 21 -217.981 -379.63 5 14
+0s 22 197.141 254.869 5 14
+0s 23 492.832 -313.674 5 14
+0s 24 -396.744 -271.111 5 14
+0s 25 74.6792 -172.987 5 14
+0s 26 221.167 -410.217 5 14
+0s 27 -430.73 20.2049 5 14
+0s 28 167.852 137.686 5 14
+0s 29 78.8252 29.479 5 14
+0s 30 196.77 237.973 5 14
+0s 31 -213.745 -409.564 5 14
+0s 32 13.4296 344.941 5 14
+0s 33 107.958 -206.491 5 14
+0s 34 -78.8361 484.55 5 14
+0s 35 -133.525 -239.148 5 14
+0s 36 73.9447 340.948 5 14
+0s 37 11.0854 -189.196 5 14
+0s 38 -172.14 142.177 5 14
+0s 39 -255.347 313.689 5 14
+0s 40 -428.006 -231.065 5 14
+0s 41 4.52638 451.203 5 14
+0s 42 412.456 13.6445 5 14
+0s 43 420.752 369.577 5 14
+0s 44 -128.331 188.992 5 14
+0s 45 -168.046 30.9619 5 14
+0s 46 -493.73 -281.807 5 14
+0s 47 73.6655 -349.037 5 14
+0s 48 320.645 331.309 5 14
+0s 49 -406.068 318.611 5 14
+0s 50 -163.611 81.4039 5 14
+0s 51 -90.3273 236.395 5 14
+0s 52 -137.914 -87.4237 5 14
+0s 53 327.408 325.422 5 14
+0s 54 224.94 -356.792 5 14
+0s 55 419.205 -148.916 5 14
+0s 56 30.4298 -267.555 5 14
+0s 57 -48.7531 310.746 5 14
+0s 58 -258.887 106.156 5 14
+0s 59 -126.795 -182.415 5 14
+0s 60 468.483 167.434 5 14
+0s 61 450.799 225.582 5 14
+0s 62 -161.685 329.583 5 14
+0s 63 290.224 -106.564 5 14
+0s 64 -444.567 -348.814 5 14
+0s 65 -384.43 -335.159 5 14
+0s 66 -111.302 23.4225 5 14
+0s 67 35.633 -387.884 5 14
+0s 68 31.5114 83.4099 5 14
+0s 69 -266.12 371.5 5 14
+0s 70 -310.125 363.744 5 14
+0s 71 279.737 142.672 5 14
+0s 72 -8.24814 -50.3384 5 14
+0s 73 406.367 202.001 5 14
+0s 74 46.8767 33.3467 5 14
+0s 75 -362.144 282.046 5 14
+0s 76 269.198 -321.327 5 14
+0s 77 -432.112 248.17 5 14
+0s 78 -307.29 477.09 5 14
+0s 79 -321.6 306.159 5 14
+0s 80 486.8 286.421 5 14
+0s 81 -273.885 -160.051 5 14
+0s 82 -185.469 106.61 5 14
+0s 83 -489.937 62.2626 5 14
+0s 84 -81.4947 151.694 5 14
+0s 85 -311.358 490.976 5 14
+0s 86 -311.067 -347.65 5 14
+0s 87 79.3488 -274.201 5 14
+0s 88 -391.901 385.145 5 14
+0s 89 -494.588 84.7868 5 14
+0s 90 -156.466 244.674 5 14
+0s 91 31.4542 -28.8758 5 14
+0s 92 -254.999 -247.593 5 14
+0s 93 -458.32 -419.703 5 14
+0s 94 455.706 -355.484 5 14
+0s 95 -371.154 -139.575 5 14
+0s 96 130.827 -167.277 5 14
+0s 97 33.9915 334.374 5 14
+0s 98 85.3822 -172.832 5 14
+0s 99 73.6948 306.292 5 14
+0s 100 -255.634 394.7 5 14
+0s 101 -493.947 -372.796 5 14
+0s 102 -156.52 -202.263 5 14
+0s 103 124.619 120.669 5 14
+0s 104 309.364 446.109 5 14
+0s 105 228.032 228.91 5 14
+0s 106 -7.06039 436.907 5 14
+0s 107 -125.642 -169.294 5 14
+0s 108 -427.134 133.894 5 14
+0s 109 -11.0298 6.24197 5 14
+0s 110 426.162 -99.5884 5 14
+0s 111 397.58 448.534 5 14
+0s 112 37.1834 421.557 5 14
+0s 113 66.8774 481.881 5 14
+0s 114 -381.097 292.327 5 14
+0s 115 -19.5847 13.2249 5 14
+0s 116 -390.594 386.414 5 14
+0s 117 224.654 -290.502 5 14
+0s 118 -272.059 131.093 5 14
+0s 119 364.343 251.705 5 14
+0s 120 -201.282 76.6243 5 14
+0s 121 -407.899 -403.372 5 14
+0s 122 126.044 -380.459 5 14
+0s 123 -452.037 -463.997 5 14
+0s 124 474.757 -204.439 5 14
+0s 125 -366.263 -120.428 5 14
+0s 126 -416.212 283.495 5 14
+0s 127 338.317 92.8714 5 14
+0s 128 -66.6082 343.966 5 14
+0s 129 225.019 468.421 5 14
+0s 130 -448.672 460.797 5 14
+0s 131 473.107 202.767 5 14
+0s 132 -267.276 -72.5806 5 14
+0s 133 -226.828 -369.912 5 14
+0s 134 -134.058 -434.027 5 14
+0s 135 -379.847 -52.4603 5 14
+0s 136 -448.927 -63.4949 5 14
+0s 137 386.232 -419.625 5 14
+0s 138 -262.718 -300.197 5 14
+0s 139 160.618 -433.728 5 14
+0s 140 -475.209 176.14 5 14
+0s 141 80.2448 290.075 5 14
+0s 142 193.04 -422.23 5 14
+0s 143 -359.693 -463.434 5 14
+0s 144 -156.953 404.48 5 14
+0s 145 316.837 -235.712 5 14
+0s 146 415.833 255.298 5 14
+0s 147 339.25 -369.475 5 14
+0s 148 469.829 -282.446 5 14
+0s 149 -354.125 271.874 5 14
+0s 150 231.811 362.515 5 14
+0s 151 268.634 -320.086 5 14
+0s 152 -107.684 -427.956 5 14
+0s 153 252.454 163.358 5 14
+0s 154 -350.753 219.435 5 14
+0s 155 480.381 -178.616 5 14
+0s 156 -419.598 431.806 5 14
+0s 157 198.554 -177.291 5 14
+0s 158 -182.422 -473.27 5 14
+0s 159 262.788 -427.35 5 14
+0s 160 226.322 86.8429 5 14
+0s 161 480.675 -0.530744 5 14
+0s 162 232.678 -268.709 5 14
+0s 163 151.685 328.671 5 14
+0s 164 -386.531 -62.2101 5 14
+0s 165 -259.173 264.71 5 14
+0s 166 -364.216 -201.193 5 14
+0s 167 -129.881 -267.62 5 14
+0s 168 -478.367 18.8958 5 14
+0s 169 326.471 -208.586 5 14
+0s 170 -152.418 -463.914 5 14
+0s 171 474.777 -189.195 5 14
+0s 172 -68.5925 376.032 5 14
+0s 173 329.04 452.645 5 14
+0s 174 -112.994 -357.809 5 14
+0s 175 -354.859 480.484 5 14
+0s 176 367.85 -56.8158 5 14
+0s 177 300.155 134.437 5 14
+0s 178 -201.152 -254.799 5 14
+0s 179 -37.4698 296.688 5 14
+0s 180 -151.638 -474.666 5 14
+0s 181 240.633 -119.023 5 14
+0s 182 -211.782 -443.165 5 14
+0s 183 370.106 -171.707 5 14
+0s 184 146.48 113.098 5 14
+0s 185 -415.666 27.5959 5 14
+0s 186 71.2664 -293.865 5 14
+0s 187 96.4652 -299.728 5 14
+0s 188 83.4519 110.406 5 14
+0s 189 -149.259 214.785 5 14
+0s 190 226.729 483.554 5 14
+0s 191 -81.7611 -89.436 5 14
+0s 192 -446.815 370.978 5 14
+0s 193 -428.947 205.675 5 14
+0s 194 -159.43 -224.131 5 14
+0s 195 -259.2 -185.329 5 14
+0s 196 -403.8 82.5593 5 14
+0s 197 -50.7949 495.898 5 14
+0s 198 -469.217 155.18 5 14
+0s 199 166.345 183.949 5 14
+0s 200 190.556 -357.69 5 14
+0s 201 113.809 276.727 5 14
+0s 202 200.174 438.129 5 14
+0s 203 375.524 -307.077 5 14
+0s 204 74.0917 -247.263 5 14
+0s 205 -9.16256 286.938 5 14
+0s 206 387.94 205.788 5 14
+0s 207 492.008 -188.098 5 14
+0s 208 483.666 -35.0646 5 14
+0s 209 198.299 48.2541 5 14
+0s 210 298.611 327.813 5 14
+0s 211 118.498 166.543 5 14
+0s 212 -491.724 38.0195 5 14
+0s 213 -318.524 233.17 5 14
+0s 214 96.9124 233.94 5 14
+0s 215 85.7646 -318.85 5 14
+0s 216 64.6115 17.757 5 14
+0s 217 -386.49 -147.923 5 14
+0s 218 87.2203 165.581 5 14
+0s 219 -81.4491 274.13 5 14
+0s 220 -28.2034 84.6287 5 14
+0s 221 -96.8576 5.23405 5 14
+0s 222 323.001 440.689 5 14
+0s 223 -241.392 375.228 5 14
+0s 224 -8.5746 -143.419 5 14
+0s 225 261.499 335.691 5 14
+0s 226 -9.99355 -25.1383 5 14
+0s 227 180.725 -333.363 5 14
+0s 228 -364.009 269.35 5 14
+0s 229 -268.154 -342.044 5 14
+0s 230 -162.013 438.01 5 14
+0s 231 219.484 352.093 5 14
+0s 232 -490.179 -421.298 5 14
+0s 233 -41.1569 -453.12 5 14
+0s 234 335.013 441.049 5 14
+0s 235 418.623 -123.508 5 14
+0s 236 160.78 54.4674 5 14
+0s 237 -284.376 478.742 5 14
+0s 238 454.119 -434.039 5 14
+0s 239 -329.685 -458.232 5 14
+0s 240 -37.7798 124.836 5 14
+0s 241 130.842 -388.669 5 14
+0s 242 -439.094 -101.336 5 14
+0s 243 -55.2515 340.234 5 14
+0s 244 -318.732 358.978 5 14
+0s 245 449.896 -465.579 5 14
+0s 246 -220.218 28.3473 5 14
+0s 247 -266.621 35.5067 5 14
+0s 248 -246.945 -239.46 5 14
+0s 249 -457.307 424.029 5 14
+0s 250 350.697 120.897 5 14
+0s 251 92.3518 -241.192 5 14
+0s 252 -259.982 -98.9279 5 14
+0s 253 319.631 -462.426 5 14
+0s 254 -329.001 394.779 5 14
+0s 255 329.937 -413.369 5 14
+0s 256 237.436 287.876 5 14
+0s 257 71.874 472.525 5 14
+0s 258 -491.399 -468.271 5 14
+0s 259 -2.86006 406.899 5 14
+0s 260 -456.174 -80.341 5 14
+0s 261 216.537 -162.213 5 14
+0s 262 485.949 57.2414 5 14
+0s 263 249.658 274.714 5 14
+0s 264 193.65 431.777 5 14
+0s 265 382.593 489.679 5 14
+0s 266 324.897 -275.678 5 14
+0s 267 -232.148 -96.9601 5 14
+0s 268 261.404 -398.615 5 14
+0s 269 391.418 229.517 5 14
+0s 270 497.642 93.8253 5 14
+0s 271 385.856 -52.6553 5 14
+0s 272 77.8275 17.4619 5 14
+0s 273 -30.1589 308.354 5 14
+0s 274 -340.148 -434.649 5 14
+0s 275 134.332 -326.15 5 14
+0s 276 476.097 -19.2742 5 14
+0s 277 281.375 -52.2953 5 14
+0s 278 -146.68 -312.269 5 14
+0s 279 -431.552 -150.833 5 14
+0s 280 -393.734 -56.1842 5 14
+0s 281 -419.088 184.944 5 14
+0s 282 169.329 149.583 5 14
+0s 283 -393.693 -266.754 5 14
+0s 284 157.392 131.644 5 14
+0s 285 -7.00496 67.5256 5 14
+0s 286 -188.751 -36.6623 5 14
+0s 287 189.076 -66.1832 5 14
+0s 288 383.212 261.741 5 14
+0s 289 -458.217 -224.753 5 14
+0s 290 13.5505 49.7717 5 14
+0s 291 114.226 133.384 5 14
+0s 292 -289.096 371.18 5 14
+0s 293 -29.5298 -385.285 5 14
+0s 294 -274.552 -142.604 5 14
+0s 295 -368.762 423.684 5 14
+0s 296 -162.398 405.879 5 14
+0s 297 429.97 69.216 5 14
+0s 298 482.153 -69.8249 5 14
+0s 299 -237.512 470.037 5 14
+0s 300 114.972 -91.525 5 14
+0s 301 4.47796 -365.772 5 14
+0s 302 61.6847 -212.066 5 14
+0s 303 16.3642 14.1476 5 14
+0s 304 285.834 -257.467 5 14
+0s 305 266.318 -40.6113 5 14
+0s 306 -213.695 384.441 5 14
+0s 307 433.779 264.667 5 14
+0s 308 -191.487 375.724 5 14
+0s 309 -401.359 -128.516 5 14
+0s 310 387.191 420.578 5 14
+0s 311 115.328 373.445 5 14
+0s 312 271.544 114.681 5 14
+0s 313 283.077 239.636 5 14
+0s 314 -234.129 -286.268 5 14
+0s 315 229.463 411.733 5 14
+0s 316 -44.6736 448.203 5 14
+0s 317 -219.845 322.848 5 14
+0s 318 -198.888 132.241 5 14
+0s 319 307.619 -103.648 5 14
+0s 320 73.5825 288.637 5 14
+0s 321 317.689 -368.332 5 14
+0s 322 -475.128 -205.409 5 14
+0s 323 -96.655 180.364 5 14
+0s 324 434.553 -170.602 5 14
+0s 325 425.894 494.102 5 14
+0s 326 -410.345 -47.1144 5 14
+0s 327 380.723 89.671 5 14
+0s 328 -57.0463 -71.0001 5 14
+0s 329 213.545 276.309 5 14
+0s 330 -190.132 -118.268 5 14
+0s 331 -138.857 -23.2359 5 14
+0s 332 200.586 -486.766 5 14
+0s 333 461.883 -301.178 5 14
+0s 334 -5.73359 460.555 5 14
+0s 335 377.168 -147.54 5 14
+0s 336 241.354 201.523 5 14
+0s 337 374.064 396.392 5 14
+0s 338 -402.602 -248.892 5 14
+0s 339 -36.73 -303.096 5 14
+0s 340 -228.233 390.396 5 14
+0s 341 342.932 -56.9429 5 14
+0s 342 -32.6071 -5.34074 5 14
+0s 343 134.167 389.667 5 14
+0s 344 -223.701 -221.837 5 14
+0s 345 -75.4091 471.344 5 14
+0s 346 462.505 -35.4126 5 14
+0s 347 341.36 476.27 5 14
+0s 348 244.746 288.688 5 14
+0s 349 -423.182 -361.287 5 14
+0s 350 -207.153 -63.1462 5 14
+0s 351 -71.1923 -105.915 5 14
+0s 352 400.089 -302.614 5 14
+0s 353 336.53 -222.678 5 14
+0s 354 387.261 121.885 5 14
+0s 355 265.716 -28.489 5 14
+0s 356 -435.486 -109.007 5 14
+0s 357 47.7693 -285.391 5 14
+0s 358 -344.344 -392.409 5 14
+0s 359 342.625 -392.081 5 14
+0s 360 -454.097 -105.093 5 14
+0s 361 460.894 185.188 5 14
+0s 362 188.176 -356.48 5 14
+0s 363 -399.137 -407.076 5 14
+0s 364 26.7837 289.102 5 14
+0s 365 -283.513 343.297 5 14
+0s 366 -357.52 -56.8132 5 14
+0s 367 -472.738 340.55 5 14
+0s 368 -172.538 -9.72869 5 14
+0s 369 -25.0024 -176.073 5 14
+0s 370 -401.758 -184.695 5 14
+0s 371 -301.165 431.49 5 14
+0s 372 4.52899 88.7483 5 14
+0s 373 -357.541 -51.3001 5 14
+0s 374 474.081 -439.974 5 14
+0s 375 259.745 -346.837 5 14
+0s 376 -84.9557 317.96 5 14
+0s 377 -120.077 114.525 5 14
+0s 378 -344.745 -237.203 5 14
+0s 379 -63.9476 46.3715 5 14
+0s 380 426.08 37.1479 5 14
+0s 381 69.3905 464.247 5 14
+0s 382 -103.937 35.9208 5 14
+0s 383 -230.897 393.655 5 14
+0s 384 -462.947 347.997 5 14
+0s 385 -68.9359 -65.3017 5 14
+0s 386 -314.872 -313.554 5 14
+0s 387 64.1457 -450.503 5 14
+0s 388 266.016 89.4331 5 14
+0s 389 44.0966 143.296 5 14
+0s 390 115.472 326.75 5 14
+0s 391 382.398 -476.037 5 14
+0s 392 450.338 -366.282 5 14
+0s 393 369.958 -5.3433 5 14
+0s 394 122.794 -150.709 5 14
+0s 395 235.999 -458.155 5 14
+0s 396 78.2542 -274.842 5 14
+0s 397 -465.368 456.249 5 14
+0s 398 -361.768 482.178 5 14
+0s 399 146.148 -155.563 5 14
+0s 400 406.012 -109.957 5 14
+0s 401 45.9774 -381.776 5 14
+0s 402 -39.9765 305.132 5 14
+0s 403 105.318 -292.319 5 14
+0s 404 297.357 156.056 5 14
+0s 405 462.675 13.4381 5 14
+0s 406 322.859 -156.72 5 14
+0s 407 -411.504 278.782 5 14
+0s 408 -38.0235 196.755 5 14
+0s 409 -248.871 -298.53 5 14
+0s 410 -391.423 -292.624 5 14
+0s 411 207.52 397.061 5 14
+0s 412 269.75 453.265 5 14
+0s 413 -260.543 -224.55 5 14
+0s 414 263.989 -297.409 5 14
+0s 415 -160.29 -197.407 5 14
+0s 416 -306.27 491.054 5 14
+0s 417 355.667 214.757 5 14
+0s 418 -30.2464 -15.0305 5 14
+0s 419 439.556 -64.9554 5 14
+0s 420 -363.288 -194.877 5 14
+0s 421 210.152 -269.838 5 14
+0s 422 -426.046 490.229 5 14
+0s 423 -423.365 -181.45 5 14
+0s 424 -360.044 -53.0792 5 14
+0s 425 -22.8114 -21.2448 5 14
+0s 426 210.788 -39.98 5 14
+0s 427 52.0565 152.68 5 14
+0s 428 -413.688 -397.002 5 14
+0s 429 494.373 -37.9786 5 14
+0s 430 -60.9818 -130.227 5 14
+0s 431 -104.866 237.833 5 14
+0s 432 -54.9062 108.385 5 14
+0s 433 -368.898 334.475 5 14
+0s 434 216.389 -468.011 5 14
+0s 435 -438.733 -119.144 5 14
+0s 436 -51.6697 -495.892 5 14
+0s 437 122.487 387.308 5 14
+0s 438 -170.798 -342.187 5 14
+0s 439 -491.831 -419.788 5 14
+0s 440 -403.072 241.307 5 14
+0s 441 441.262 -443.857 5 14
+0s 442 302.286 7.07631 5 14
+0s 443 399.184 63.4082 5 14
+0s 444 -486.944 53.3171 5 14
+0s 445 -423.678 266.716 5 14
+0s 446 38.2779 -155.54 5 14
+0s 447 -25.3905 -233.307 5 14
+0s 448 -292.651 -235.11 5 14
+0s 449 10.7534 162.593 5 14
+0s 450 -75.007 1.60998 5 14
+0s 451 337.504 -422.608 5 14
+0s 452 -196.067 27.3078 5 14
+0s 453 96.317 -213.329 5 14
+0s 454 -168.084 383.876 5 14
+0s 455 353.014 228.485 5 14
+0s 456 73.9048 291.971 5 14
+0s 457 100.79 -236.208 5 14
+0s 458 -22.9244 292.265 5 14
+0s 459 455.478 479.134 5 14
+0s 460 -296.167 0.638096 5 14
+0s 461 -279.263 22.2098 5 14
+0s 462 -409.301 204.809 5 14
+0s 463 198.879 122.449 5 14
+0s 464 -421.1 -293.233 5 14
+0s 465 358.117 174.594 5 14
+0s 466 256.117 38.5618 5 14
+0s 467 420.846 266.9 5 14
+0s 468 118.961 -212.573 5 14
+0s 469 19.7783 -400.286 5 14
+0s 470 -266.784 -113.209 5 14
+0s 471 -10.7736 442.968 5 14
+0s 472 -177.636 -131.055 5 14
+0s 473 116.883 335.279 5 14
+0s 474 -193.394 142.303 5 14
+0s 475 -35.1953 -462.545 5 14
+0s 476 117.798 -196.332 5 14
+0s 477 370.984 -126.164 5 14
+0s 478 178.241 -17.3478 5 14
+0s 479 378.317 -110.376 5 14
+0s 480 199.745 92.8706 5 14
+0s 481 36.1771 11.6534 5 14
+0s 482 472.721 -365.596 5 14
+0s 483 193.638 285.585 5 14
+0s 484 -432.78 -84.8149 5 14
+0s 485 -431.932 223.803 5 14
+0s 486 -498.067 454.092 5 14
+0s 487 25.317 -225.425 5 14
+0s 488 372.92 251.31 5 14
+0s 489 369.879 270.21 5 14
+0s 490 115.023 -263.672 5 14
+0s 491 -226.953 477.145 5 14
+0s 492 335.898 317.283 5 14
+0s 493 -273.16 -464.376 5 14
+0s 494 60.9619 -152.263 5 14
+0s 495 -207.959 33.6066 5 14
+0s 496 250.809 -3.52717 5 14
+0s 497 135.691 -478.982 5 14
+0s 498 378.035 -269.948 5 14
+0s 499 -49.0249 -477.114 5 14
+0s 500 -223.785 451.748 5 14
+0s 501 319.176 429.934 5 14
+0s 502 -294.822 -266.008 5 14
+0s 503 82.0134 465.986 5 14
+0s 504 -354.633 0.553854 5 14
+0s 505 255.722 -188.181 5 14
+0s 506 -149.393 -279.721 5 14
+0s 507 353.01 -495.677 5 14
+0s 508 -119.177 -476.203 5 14
+0s 509 -470.164 369.779 5 14
+0s 510 30.791 -453.529 5 14
+0s 511 -389.497 -106.329 5 14
+0s 512 158.084 -81.2631 5 14
+0s 513 67.5673 -85.0288 5 14
+0s 514 390.648 -150.942 5 14
+0s 515 356.827 -213.619 5 14
+0s 516 260.403 232.135 5 14
+0s 517 -269.914 160.511 5 14
+0s 518 41.1141 489.202 5 14
+0s 519 53.978 334.447 5 14
+0s 520 -332.187 -436.119 5 14
+0s 521 178.025 -464.975 5 14
+0s 522 427.38 -266.793 5 14
+0s 523 384.358 -37.3567 5 14
+0s 524 -463.8 -474.613 5 14
+0s 525 -305.653 421.1 5 14
+0s 526 -127.47 -78.0696 5 14
+0s 527 238.815 84.4018 5 14
+0s 528 296.121 492.199 5 14
+0s 529 -291.811 -98.471 5 14
+0s 530 274.854 43.2368 5 14
+0s 531 399.173 217.489 5 14
+0s 532 152.669 -422.208 5 14
+0s 533 -155.022 -177.168 5 14
+0s 534 125.427 326.041 5 14
+0s 535 290.097 369.676 5 14
+0s 536 -94.2364 69.8786 5 14
+0s 537 -431.88 -210.318 5 14
+0s 538 197.205 -402.248 5 14
+0s 539 -29.1894 -80.5864 5 14
+0s 540 -109.015 408.757 5 14
+0s 541 44.1236 292.495 5 14
+0s 542 -198.936 -280.079 5 14
+0s 543 57.9024 146.438 5 14
+0s 544 -213.61 -82.5222 5 14
+0s 545 109.053 -451.729 5 14
+0s 546 -400.861 496.749 5 14
+0s 547 70.1659 -478.34 5 14
+0s 548 -122.939 454.939 5 14
+0s 549 352.481 -133.642 5 14
+0s 550 145.562 262.559 5 14
+0s 551 281.128 -93.0893 5 14
+0s 552 -82.5701 475.118 5 14
+0s 553 309.778 149.221 5 14
+0s 554 395.042 119.373 5 14
+0s 555 -130.265 -203.154 5 14
+0s 556 488.272 234.702 5 14
+0s 557 -142.449 326.006 5 14
+0s 558 343.947 22.3138 5 14
+0s 559 -383.45 214.407 5 14
+0s 560 82.3761 -109.384 5 14
+0s 561 351.443 -170.584 5 14
+0s 562 260.64 246.246 5 14
+0s 563 128.823 -72.6742 5 14
+0s 564 222.443 -476.242 5 14
+0s 565 -193.828 -355.497 5 14
+0s 566 62.9568 12.7242 5 14
+0s 567 364.496 30.8883 5 14
+0s 568 -278.309 296.011 5 14
+0s 569 -368.374 -465.423 5 14
+0s 570 185.095 -302.075 5 14
+0s 571 192.02 -338.801 5 14
+0s 572 151.62 -299.316 5 14
+0s 573 -304.484 219.725 5 14
+0s 574 183.659 210.68 5 14
+0s 575 486.532 -152.981 5 14
+0s 576 490.873 492.877 5 14
+0s 577 -448.203 -138.607 5 14
+0s 578 12.7888 -36.1698 5 14
+0s 579 188.803 87.2287 5 14
+0s 580 262.909 -273.522 5 14
+0s 581 224.097 -338.854 5 14
+0s 582 -434.906 -33.8081 5 14
+0s 583 -432.266 52.323 5 14
+0s 584 -95.035 -428.696 5 14
+0s 585 63.5871 -187.023 5 14
+0s 586 398.317 264.75 5 14
+0s 587 -104.537 104.563 5 14
+0s 588 -440.78 360.909 5 14
+0s 589 329.369 -292.188 5 14
+0s 590 101.923 -173.539 5 14
+0s 591 355.782 212.033 5 14
+0s 592 -170.55 -251.552 5 14
+0s 593 -436.659 -190.923 5 14
+0s 594 -323.575 316.207 5 14
+0s 595 361.156 -13.7409 5 14
+0s 596 499.287 302.926 5 14
+0s 597 229.165 -55.6956 5 14
+0s 598 415.89 -210.808 5 14
+0s 599 185.17 -248.467 5 14
+0s 600 43.3909 -170.206 5 14
+0s 601 172.877 -469.698 5 14
+0s 602 163.706 479.56 5 14
+0s 603 -202.029 383.048 5 14
+0s 604 1.37001 36.638 5 14
+0s 605 410.179 362.476 5 14
+0s 606 63.986 -26.8342 5 14
+0s 607 -164.26 31.528 5 14
+0s 608 -211.332 455.542 5 14
+0s 609 282.052 494.511 5 14
+0s 610 114.774 -337.907 5 14
+0s 611 -87.5462 499.003 5 14
+0s 612 -180.915 -97.5492 5 14
+0s 613 149.405 -490.621 5 14
+0s 614 26.913 -69.459 5 14
+0s 615 -215.369 -356.026 5 14
+0s 616 -478.918 -65.4964 5 14
+0s 617 493.801 52.3411 5 14
+0s 618 -226.95 -180.97 5 14
+0s 619 10.6404 -276.442 5 14
+0s 620 -204.677 -488.142 5 14
+0s 621 -195.655 -181.641 5 14
+0s 622 450.569 125.176 5 14
+0s 623 246.366 404.603 5 14
+0s 624 481.061 -340.169 5 14
+0s 625 239.621 -467.321 5 14
+0s 626 145.254 -121.545 5 14
+0s 627 452.887 -392.685 5 14
+0s 628 -129.705 411.64 5 14
+0s 629 231.341 79.8044 5 14
+0s 630 8.16012 139.698 5 14
+0s 631 -117.781 -252.806 5 14
+0s 632 477.388 -348.504 5 14
+0s 633 -391.393 -45.5709 5 14
+0s 634 -108.123 324.802 5 14
+0s 635 -227.913 313.569 5 14
+0s 636 -393.293 483.081 5 14
+0s 637 -461.229 -150.045 5 14
+0s 638 309.949 -8.91707 5 14
+0s 639 -109.802 -100.988 5 14
+0s 640 432.103 269.809 5 14
+0s 641 -417.014 210.072 5 14
+0s 642 251.211 251.742 5 14
+0s 643 262.695 -290.359 5 14
+0s 644 -84.3099 363.108 5 14
+0s 645 -286.049 144.466 5 14
+0s 646 -314.44 -473.351 5 14
+0s 647 325.662 470.61 5 14
+0s 648 160.833 -58.7339 5 14
+0s 649 -146.262 32.6559 5 14
+0s 650 73.6299 143.933 5 14
+0s 651 -94.5014 -131.701 5 14
+0s 652 481.217 312.522 5 14
+0s 653 165.787 -278.847 5 14
+0s 654 306.267 -278.062 5 14
+0s 655 -86.3939 -73.1506 5 14
+0s 656 -70.4457 203.323 5 14
+0s 657 -265.183 316.183 5 14
+0s 658 -479.813 -96.147 5 14
+0s 659 -231.085 -44.8312 5 14
+0s 660 -97.6 268.793 5 14
+0s 661 -420.171 490.187 5 14
+0s 662 -181.386 26.1685 5 14
+0s 663 -441.448 227.817 5 14
+0s 664 -305.694 243.05 5 14
+0s 665 -217.52 499.15 5 14
+0s 666 192.91 125.914 5 14
+0s 667 -199.667 -225.61 5 14
+0s 668 -299.569 -222.039 5 14
+0s 669 259.61 163.597 5 14
+0s 670 -15.9237 332.789 5 14
+0s 671 280.389 -311.011 5 14
+0s 672 -111.953 -278.288 5 14
+0s 673 -38.4743 163.474 5 14
+0s 674 241.556 -447.807 5 14
+0s 675 -76.2047 479.526 5 14
+0s 676 413.224 261.328 5 14
+0s 677 236.482 365.911 5 14
+0s 678 52.2779 309.211 5 14
+0s 679 226.536 -295.717 5 14
+0s 680 -2.38929 -300.952 5 14
+0s 681 112.451 205.127 5 14
+0s 682 323.659 485.851 5 14
+0s 683 -439.007 -477.396 5 14
+0s 684 238.058 232.455 5 14
+0s 685 -165.409 97.1036 5 14
+0s 686 35.9678 57.7267 5 14
+0s 687 -361.614 499.935 5 14
+0s 688 37.4926 -134.42 5 14
+0s 689 -52.4369 -307.98 5 14
+0s 690 163.355 382.573 5 14
+0s 691 -214.658 414.6 5 14
+0s 692 63.5743 -224.427 5 14
+0s 693 -459.592 -370.011 5 14
+0s 694 223.921 410.045 5 14
+0s 695 -365.955 -362.437 5 14
+0s 696 427.013 -101.274 5 14
+0s 697 -207.032 -287.619 5 14
+0s 698 -102.251 454.702 5 14
+0s 699 -359.566 -359.171 5 14
+0s 700 -316.786 -295.225 5 14
+0s 701 363.242 373.46 5 14
+0s 702 129.931 398.744 5 14
+0s 703 246.549 -361.1 5 14
+0s 704 425.669 -489.996 5 14
+0s 705 -364.687 -415.938 5 14
+0s 706 -475.969 -74.2584 5 14
+0s 707 -111.877 78.5833 5 14
+0s 708 -396.626 126.47 5 14
+0s 709 301.081 392.885 5 14
+0s 710 -75.3008 454.121 5 14
+0s 711 -255.207 -202.803 5 14
+0s 712 92.2178 213.809 5 14
+0s 713 18.3338 -155.17 5 14
+0s 714 -123.356 83.4401 5 14
+0s 715 -0.446742 196.207 5 14
+0s 716 29.6906 -326.596 5 14
+0s 717 -416.16 362.958 5 14
+0s 718 -187.081 -335.88 5 14
+0s 719 107.023 -381.283 5 14
+0s 720 208.422 319.672 5 14
+0s 721 84.1281 -24.7758 5 14
+0s 722 -250.403 -263.061 5 14
+0s 723 122.235 -422.235 5 14
+0s 724 -117.784 269.293 5 14
+0s 725 -459.772 162.625 5 14
+0s 726 -110.979 -455.158 5 14
+0s 727 -18.7178 8.34222 5 14
+0s 728 349.977 163.161 5 14
+0s 729 450.119 266.266 5 14
+0s 730 -223.458 15.1713 5 14
+0s 731 -76.143 -159.792 5 14
+0s 732 272.6 393.279 5 14
+0s 733 98.3765 408.839 5 14
+0s 734 248.493 331.928 5 14
+0s 735 -120.338 46.9675 5 14
+0s 736 -394.124 -333.556 5 14
+0s 737 -326.252 88.0777 5 14
+0s 738 -86.0996 390.057 5 14
+0s 739 -37.7065 21.3257 5 14
+0s 740 53.1922 186.8 5 14
+0s 741 253.649 -331.105 5 14
+0s 742 -324.681 153.661 5 14
+0s 743 -126.414 -104.351 5 14
+0s 744 -169.362 -495.238 5 14
+0s 745 178.033 229.616 5 14
+0s 746 390.703 304.709 5 14
+0s 747 120.36 119.985 5 14
+0s 748 -154.991 55.9291 5 14
+0s 749 224.919 -100.824 5 14
+0s 750 -232.151 -158.853 5 14
+0s 751 152.644 -368.018 5 14
+0s 752 435.886 -151.565 5 14
+0s 753 9.44644 368.483 5 14
+0s 754 -82.9308 287.474 5 14
+0s 755 -153.743 108.073 5 14
+0s 756 -367.213 225.731 5 14
+0s 757 -174.569 335.212 5 14
+0s 758 152.23 -54.126 5 14
+0s 759 -385.652 -231.638 5 14
+0s 760 421.79 -98.2648 5 14
+0s 761 -444.686 145.053 5 14
+0s 762 202.192 -128.214 5 14
+0s 763 158.43 -420.005 5 14
+0s 764 365.248 -318.877 5 14
+0s 765 -75.9572 479.996 5 14
+0s 766 -69.7561 -309.992 5 14
+0s 767 22.1194 -248.925 5 14
+0s 768 121.637 -191.559 5 14
+0s 769 -259.045 -461.137 5 14
+0s 770 -101.075 208.551 5 14
+0s 771 307.788 120.907 5 14
+0s 772 373.669 446.122 5 14
+0s 773 -392.912 162.262 5 14
+0s 774 54.4451 -140.241 5 14
+0s 775 -314.244 -185.818 5 14
+0s 776 472.667 -273.599 5 14
+0s 777 -80.2038 -308.881 5 14
+0s 778 -126.356 -14.0312 5 14
+0s 779 97.4682 421.725 5 14
+0s 780 484.323 -284.765 5 14
+0s 781 173.618 -471.294 5 14
+0s 782 261.646 -407.93 5 14
+0s 783 134.656 136.682 5 14
+0s 784 -415.307 24.148 5 14
+0s 785 -214.881 -31.8692 5 14
+0s 786 -42.0366 -186.823 5 14
+0s 787 -179.86 -473.278 5 14
+0s 788 -262.896 174.281 5 14
+0s 789 274.833 -405.067 5 14
+0s 790 -282.737 -425.717 5 14
+0s 791 361.433 -496.859 5 14
+0s 792 133.039 260.863 5 14
+0s 793 488.822 -177.898 5 14
+0s 794 427.456 186.502 5 14
+0s 795 -299.867 41.6511 5 14
+0s 796 -195.698 -494.051 5 14
+0s 797 479.622 183.581 5 14
+0s 798 257.222 -359.318 5 14
+0s 799 -154.216 -68.8192 5 14
+0s 800 -272.047 -224.248 5 14
+0s 801 -371.985 307.716 5 14
+0s 802 -470.896 -476.096 5 14
+0s 803 -271.745 235.618 5 14
+0s 804 265.575 -326.47 5 14
+0s 805 -486.52 -492.492 5 14
+0s 806 178.949 399.206 5 14
+0s 807 -399.685 -168.127 5 14
+0s 808 453.178 123.877 5 14
+0s 809 -497.292 -371.199 5 14
+0s 810 165.285 -465.517 5 14
+0s 811 -110.223 -399.541 5 14
+0s 812 -24.2346 -401.183 5 14
+0s 813 262.488 447.579 5 14
+0s 814 68.2399 -61.3938 5 14
+0s 815 27.6466 -492.186 5 14
+0s 816 218.693 256.717 5 14
+0s 817 -102.331 412.806 5 14
+0s 818 145.154 165.927 5 14
+0s 819 -215.543 76.956 5 14
+0s 820 349.326 354.966 5 14
+0s 821 46.8394 272.779 5 14
+0s 822 284.02 -305.399 5 14
+0s 823 140.314 328.02 5 14
+0s 824 -58.4072 -15.5253 5 14
+0s 825 1.98093 480.557 5 14
+0s 826 -276.769 50.8495 5 14
+0s 827 360.91 -179.966 5 14
+0s 828 451.44 31.0498 5 14
+0s 829 -112.115 202.048 5 14
+0s 830 -219.442 -465.73 5 14
+0s 831 92.3345 478.678 5 14
+0s 832 346.447 -382.494 5 14
+0s 833 -200.581 267.393 5 14
+0s 834 48.8504 -125.091 5 14
+0s 835 -94.6521 178.822 5 14
+0s 836 -64.9982 -61.3898 5 14
+0s 837 -65.4172 -228.252 5 14
+0s 838 117.066 363.22 5 14
+0s 839 224.296 165.369 5 14
+0s 840 34.6896 -69.3952 5 14
+0s 841 -435.485 -327.667 5 14
+0s 842 -104.72 2.27373 5 14
+0s 843 268.063 -308.918 5 14
+0s 844 389.495 50.902 5 14
+0s 845 298.18 -360.375 5 14
+0s 846 489.223 -6.46217 5 14
+0s 847 31.2706 -102.165 5 14
+0s 848 -106.643 -309.101 5 14
+0s 849 7.13649 -292.615 5 14
+0s 850 369.889 -489.361 5 14
+0s 851 -123.691 -38.4037 5 14
+0s 852 249.936 -352.83 5 14
+0s 853 253.445 -445.795 5 14
+0s 854 -364.376 318.979 5 14
+0s 855 -100.554 202.369 5 14
+0s 856 155.755 438.668 5 14
+0s 857 441.312 -172.815 5 14
+0s 858 152.198 -209.134 5 14
+0s 859 493.285 315.399 5 14
+0s 860 -347.568 -496.433 5 14
+0s 861 -254.192 304.998 5 14
+0s 862 -68.6411 42.7782 5 14
+0s 863 468.788 64.6591 5 14
+0s 864 -146.872 448.477 5 14
+0s 865 455.531 -451.926 5 14
+0s 866 25.4532 -376.123 5 14
+0s 867 388.629 185.518 5 14
+0s 868 446.346 217.53 5 14
+0s 869 -166.489 196.95 5 14
+0s 870 -21.6061 148.659 5 14
+0s 871 300.481 -159.363 5 14
+0s 872 -88.5746 -120.48 5 14
+0s 873 261.353 -341.172 5 14
+0s 874 -397.915 -236.738 5 14
+0s 875 262.262 -233.482 5 14
+0s 876 461.339 -307.78 5 14
+0s 877 296.811 36.457 5 14
+0s 878 305.101 -376.642 5 14
+0s 879 363.293 52.5399 5 14
+0s 880 -477.637 200.061 5 14
+0s 881 -322.163 -92.4991 5 14
+0s 882 250.195 -299.037 5 14
+0s 883 389.26 60.6787 5 14
+0s 884 51.93 -456.535 5 14
+0s 885 -189.933 -229.745 5 14
+0s 886 -203.723 -45.9931 5 14
+0s 887 134.756 65.3518 5 14
+0s 888 -191.776 423.333 5 14
+0s 889 492.449 -421.952 5 14
+0s 890 -318.26 348.568 5 14
+0s 891 483.618 186.37 5 14
+0s 892 465.38 -392.559 5 14
+0s 893 478.763 252.034 5 14
+0s 894 -379.446 363.849 5 14
+0s 895 386.75 -273.308 5 14
+0s 896 54.0868 316.633 5 14
+0s 897 -308.476 144.004 5 14
+0s 898 -418.124 -233.57 5 14
+0s 899 -100.875 453.783 5 14
+0s 900 -49.9464 113.687 5 14
