+0s 1 186.576 -649.979 5 14
+0s 2 -493.752 114.86 5 14
+0s 3 -577.983 -288.204 5 14
+0s 4 -133.499 -395.634 5 14
+0s 5 498.585 -280.869 5 14
+0s 6 -405.118 -533.773 5 14
+0s 7 853.404 -289.321 5 14
+0s 8 -761.525 -668.257 5 14
+0s 9 662.531 -10.3573 5 14
+0s 10 271.387 -328.623 5 14
+0s 11 -348.129 663.312 5 14
+0s 12 498.768 -763.464 5 14
+0s 13 -657.447 -272.089 5 14
+0s 14 340.087 -998.751 5 14
+0s 15 -690.674 400.486 5 14
+0s 16 -138.346 388.38 5 14
+0s 17 956.363 -365.205 5 14
+0s 18 847.515 38.5344 5 14
+0s 19 348.635 475.626 5 14
+0s 20 656.772 431.405 5 14
+0s 21 -496.921 812.444 5 14
+0s 22 -477.353 -501.463 5 14
+0s 23 178.382 -450.61 5 14
+0s 24 563.227 852.466 5 14
+0s 25 -163.463 -287.695 5 14
+0s 26 595.602 759.807 5 14
+0s 27 -827.124 -20.8482 5 14
+0s 28 -621.472 359.339 5 14
+0s 29 537.095 729.833 5 14
+0s 30 -547.725 462.54 5 14
+0s 31 -401.5 657.712 5 14
+0s 32 84.4156 572.929 5 14
+0s 33 942.525 -31.5946 5 14
+0s 34 -474.715 -800.444 5 14
+0s 35 -557.924 -105.796 5 14
+0s 36 166.147 3.90769 5 14
+0s 37 495.132 -753.904 5 14
+0s 38 395.329 723.037 5 14
+0s 39 -739.051 -899.671 5 14
+0s 40 -920.113 801.805 5 14
+0s 41 12.5757 889.619 5 14
+0s 42 868.699 -281.439 5 14
+0s 43 -687.521 -913.666 5 14
+0s 44 326.241 892.57 5 14
+0s 45 -104.607 -954.007 5 14
+0s 46 -118.224 -149.063 5 14
+0s 47 -821.796 868.897 5 14
+0s 48 299.305 228.418 5 14
+0s 49 -804.665 -985.278 5 14
+0s 50 -760.586 197.934 5 14
+0s 51 268.546 -87.3462 5 14
+0s 52 164.419 -860.09 5 14
+0s 53 97.6546 -567.543 5 14
+0s 54 670.544 407.057 5 14
+0s 55 487.25 775.737 5 14
+0s 56 191.216 479.424 5 14
+0s 57 959.598 -340.571 5 14
+0s 58 -742.409 -970.962 5 14
+0s 59 501.256 412.296 5 14
+0s 60 255.674 368.355 5 14
+0s 61 -70.7033 779.762 5 14
+0s 62 730.489 -193.098 5 14
+0s 63 170.63 553.197 5 14
+0s 64 -563.895 -704.146 5 14
+0s 65 -717.211 -305.809 5 14
+0s 66 -190.689 -413.465 5 14
+0s 67 -846.143 992.906 5 14
+0s 68 665.332 620.454 5 14
+0s 69 606.253 -313.126 5 14
+0s 70 997.696 -166.216 5 14
+0s 71 831.45 -514.173 5 14
+0s 72 939.038 -253.901 5 14
+0s 73 -846.458 665.159 5 14
+0s 74 -62.7956 328.523 5 14
+0s 75 559.456 51.7178 5 14
+0s 76 464.976 82.8498 5 14
+0s 77 764.637 -841.469 5 14
+0s 78 -45.7406 675.425 5 14
+0s 79 -709.623 -815.278 5 14
+0s 80 -385.819 111.257 5 14
+0s 81 -923.433 815.27 5 14
+0s 82 -316.345 -342.09 5 14
+0s 83 626.59 -778.241 5 14
+0s 84 -862.03 -766.721 5 14
+0s 85 -599.131 -174.859 5 14
+0s 86 405.271 618.903 5 14
+0s 87 -143.923 -677.907 5 14
+0s 88 -913.56 422.045 5 14
+0s 89 642.899 -137.171 5 14
+0s 90 -943.478 -552.607 5 14
+0s 91 -850.904 370.261 5 14
+0s 92 -161.003 404.762 5 14
+0s 93 921.223 984.963 5 14
+0s 94 852.09 -31.5751 5 14
+0s 95 -982.702 -278.024 5 14
+0s 96 430.733 -291.992 5 14
+0s 97 -178.294 -115.264 5 14
+0s 98 -979.623 -590.382 5 14
+0s 99 -144.575 -302.225 5 14
+0s 100 500.922 -570.285 5 14
+0s 101 -603.078 172.468 5 14
+0s 102 -135.142 -718.854 5 14
+0s 103 -740.532 515.99 5 14
+0s 104 -757.812 -257.508 5 14
+0s 105 -420.757 131.349 5 14
+0s 106 -914.311 598.221 5 14
+0s 107 553.124 -904.887 5 14
+0s 108 939.152 809.986 5 14
+0s 109 -759.015 677.967 5 14
+0s 110 277.033 -518.422 5 14
+0s 111 -8.09514 -580.028 5 14
+0s 112 -222.955 708.414 5 14
+0s 113 -258.156 -842.26 5 14
+0s 114 134.01 536.282 5 14
+0s 115 960.427 -167.246 5 14
+0s 116 927.588 -803.479 5 14
+0s 117 782.483 978.244 5 14
+0s 118 -139.278 -493.097 5 14
+0s 119 -20.6307 92.4108 5 14
+0s 120 -618.914 849.372 5 14
+0s 121 -546.903 99.3315 5 14
+0s 122 -795.805 443.439 5 14
+0s 123 325.252 -425.687 5 14
+0s 124 -438.421 -592.388 5 14
+0s 125 737.43 -222.67 5 14
+0s 126 -826.183 -819.282 5 14
+0s 127 -969.021 30.6354 5 14
+0s 128 596.14 -45.6368 5 14
+0s 129 640.985 703.659 5 14
+0s 130 31.5372 1.06396 5 14
+0s 131 -330.156 -967.493 5 14
+0s 132 246.377 -99.5323 5 14
+0s 133 -99.6423 -149.1 5 14
+0s 134 374.879 445.966 5 14
+0s 135 479.374 -33.9903 5 14
+0s 136 561.244 336.102 5 14
+0s 137 622.967 -3.45977 5 14
+0s 138 528.604 17.9833 5 14
+0s 139 -291.123 -474.186 5 14
+0s 140 -864.754 -466.236 5 14
+0s 141 339.492 -221.245 5 14
+0s 142 867.96 807.23 5 14
+0s 143 -182.989 -950.473 5 14
+0s 144 -245.234 201.103 5 14
+0s 145 962.112 815 5 14
+0s 146 490.916 -9.69365 5 14
+0s 147 767.259 -893.829 5 14
+0s 148 -7.12914 51.7024 5 14
+0s 149 -363.972 410.872 5 14
+0s 150 423.925 726.127 5 14
+0s 151 797.918 737.914 5 14
+0s 152 -674.934 488.178 5 14
+0s 153 938.527 966.756 5 14
+0s 154 204.297 638.403 5 14
+0s 155 777.249 813.836 5 14
+0s 156 -679.241 -193.658 5 14
+0s 157 -674.965 827.879 5 14
+0s 158 29.9951 133.628 5 14
+0s 159 386.045 -664.066 5 14
+0s 160 325.925 840.139 5 14
+0s 161 -908.733 410.266 5 14
+0s 162 -441.992 -369.515 5 14
+0s 163 644.782 -701.74 5 14
+0s 164 378.481 757.831 5 14
+0s 165 87.6336 -533.069 5 14
+0s 166 -580.345 -87.4036 5 14
+0s 167 436.943 -531.697 5 14
+0s 168 -248.337 -103.652 5 14
+0s 169 375.16 -310.855 5 14
+0s 170 -446.74 -803.597 5 14
+0s 171 -239.146 -303.752 5 14
+0s 172 -370.789 -768.037 5 14
+0s 173 935.16 -573.683 5 14
+0s 174 34.0042 291.32 5 14
+0s 175 384.661 -230.543 5 14
+0s 176 492.745 -144.483 5 14
+0s 177 375.105 -659.898 5 14
+0s 178 -542.338 -673.626 5 14
+0s 179 412.983 -141.825 5 14
+0s 180 219.466 31.4704 5 14
+0s 181 -372.657 385.26 5 14
+0s 182 -930.359 503.129 5 14
+0s 183 17.9671 794.521 5 14
+0s 184 -432.081 -673.908 5 14
+0s 185 365.023 105.545 5 14
+0s 186 348.131 -550.343 5 14
+0s 187 575.021 285.939 5 14
+0s 188 -627.361 -563.754 5 14
+0s 189 -414.836 -565.297 5 14
+0s 190 794.251 969.161 5 14
+0s 191 114.985 -466.679 5 14
+0s 192 973.298 -717.615 5 14
+0s 193 529.724 -575.021 5 14
+0s 194 373.272 543.958 5 14
+0s 195 -618.422 860.525 5 14
+0s 196 318.192 381.988 5 14
+0s 197 -428.65 297.018 5 14
+0s 198 344.903 -22.7983 5 14
+0s 199 903.537 626.581 5 14
+0s 200 -118.488 -487.065 5 14
+0s 201 463.891 -355.502 5 14
+0s 202 368.97 -529.55 5 14
+0s 203 -371.891 602.102 5 14
+0s 204 -804.264 219.408 5 14
+0s 205 -49.7842 -704.862 5 14
+0s 206 11.8149 599.642 5 14
+0s 207 -414.191 652.84 5 14
+0s 208 872.212 599.748 5 14
+0s 209 -393.962 -456.045 5 14
+0s 210 -708.165 162.914 5 14
+0s 211 591.392 599.292 5 14
+0s 212 551.085 31.6941 5 14
+0s 213 2.08493 -662.589 5 14
+0s 214 -938.792 812.912 5 14
+0s 215 -17.4914 -367.689 5 14
+0s 216 699.312 785.432 5 14
+0s 217 -794.114 -421.348 5 14
+0s 218 770.229 840.977 5 14
+0s 219 -597.372 134.747 5 14
+0s 220 370.763 -488.119 5 14
+0s 221 -181.123 806.692 5 14
+0s 222 -880.908 -494.611 5 14
+0s 223 -588.011 -596.055 5 14
+0s 224 610.753 -287.258 5 14
+0s 225 299.503 291.453 5 14
+0s 226 42.4156 -22.7126 5 14
+0s 227 300.293 -633.904 5 14
+0s 228 811.783 -487.715 5 14
+0s 229 -736.651 -109.221 5 14
+0s 230 991.868 527.898 5 14
+0s 231 310.379 -918.805 5 14
+0s 232 -219.365 -729.564 5 14
+0s 233 -905.43 735.415 5 14
+0s 234 598.325 -942.684 5 14
+0s 235 -289.062 709.138 5 14
+0s 236 -22.163 134.933 5 14
+0s 237 593.19 686.221 5 14
+0s 238 -906.4 -973.768 5 14
+0s 239 -835.323 -309.016 5 14
+0s 240 -139.082 -711.653 5 14
+0s 241 3.46677 802.736 5 14
+0s 242 -854.811 -159.222 5 14
+0s 243 -815.166 -240.58 5 14
+0s 244 246.311 109.774 5 14
+0s 245 143.759 -705.076 5 14
+0s 246 -221.635 -759.772 5 14
+0s 247 -454.245 -691.099 5 14
+0s 248 192.181 -474.556 5 14
+0s 249 -302.901 406.765 5 14
+0s 250 -140.004 490.942 5 14
+0s 251 459.454 257.264 5 14
+0s 252 -409.85 823.39 5 14
+0s 253 -206.773 -398.984 5 14
+0s 254 827.509 -848.196 5 14
+0s 255 248.74 -683.129 5 14
+0s 256 372.38 -300.778 5 14
+0s 257 -486.744 850.078 5 14
+0s 258 -775.229 249.673 5 14
+0s 259 670.652 -833.341 5 14
+0s 260 -934.114 472.606 5 14
+0s 261 663.36 -171.649 5 14
+0s 262 832.301 -509.611 5 14
+0s 263 901.425 445.414 5 14
+0s 264 -331.078 249.571 5 14
+0s 265 -756.288 286.763 5 14
+0s 266 342.302 -785.937 5 14
+0s 267 294.085 -458.025 5 14
+0s 268 -124.022 -45.6951 5 14
+0s 269 -883.327 773.526 5 14
+0s 270 -543.847 835.624 5 14
+0s 271 -399.804 -269.225 5 14
+0s 272 -395.656 189.496 5 14
+0s 273 379.331 563.582 5 14
+0s 274 319.235 428.651 5 14
+0s 275 196.96 841.232 5 14
+0s 276 -536.818 950.918 5 14
+0s 277 -724.192 235.284 5 14
+0s 278 360.741 -988.115 5 14
+0s 279 -91.3429 661.502 5 14
+0s 280 -843.045 705.699 5 14
+0s 281 489.359 -18.8254 5 14
+0s 282 -822.864 146.614 5 14
+0s 283 -959.61 208.054 5 14
+0s 284 -397.044 53.1485 5 14
+0s 285 -979.444 -481.971 5 14
+0s 286 -598.678 222.127 5 14
+0s 287 -738.023 -854.922 5 14
+0s 288 303.021 574.003 5 14
+0s 289 -739.775 671.575 5 14
+0s 290 -198.363 25.0931 5 14
+0s 291 82.5422 -39.6766 5 14
+0s 292 -876.845 -725.078 5 14
+0s 293 330.511 -105.322 5 14
+0s 294 537.376 406.891 5 14
+0s 295 -162.984 241.189 5 14
+0s 296 -3.98512 816.101 5 14
+0s 297 -48.303 494.832 5 14
+0s 298 -763.533 -567.772 5 14
+0s 299 124.879 727.181 5 14
+0s 300 -749.282 -608.618 5 14
+0s 301 235.37 -245.622 5 14
+0s 302 62.6871 898.596 5 14
+0s 303 -355.009 323.285 5 14
+0s 304 74.0877 834.973 5 14
+0s 305 701.728 188.468 5 14
+0s 306 380.885 -717.326 5 14
+0s 307 -933.006 -229.574 5 14
+0s 308 973.692 -676.882 5 14
+0s 309 308.754 74.6677 5 14
+0s 310 350.885 588.155 5 14
+0s 311 513.011 -907.444 5 14
+0s 312 -213.777 -901.244 5 14
+0s 313 -536.279 -346.909 5 14
+0s 314 687.425 -372.352 5 14
+0s 315 126.155 153.265 5 14
+0s 316 122.944 -910.053 5 14
+0s 317 -625.08 551.176 5 14
+0s 318 -427.186 -539.666 5 14
+0s 319 -619.643 414.161 5 14
+0s 320 -609.603 804.671 5 14
+0s 321 -366.309 505.138 5 14
+0s 322 -618.996 -762.298 5 14
+0s 323 -12.2969 -834.274 5 14
+0s 324 381.974 -226.553 5 14
+0s 325 262.137 54.0726 5 14
+0s 326 -614.975 273.089 5 14
+0s 327 520.077 -326.73 5 14
+0s 328 -437.125 -608.689 5 14
+0s 329 -423.685 -856.461 5 14
+0s 330 -400.413 541.389 5 14
+0s 331 -174.002 -61.7905 5 14
+0s 332 988.4 104.988 5 14
+0s 333 -212.775 -988.614 5 14
+0s 334 -204.8 -528.333 5 14
+0s 335 -705.434 629.522 5 14
+0s 336 -856.333 248.758 5 14
+0s 337 -547.487 -260.643 5 14
+0s 338 -823.612 -153.968 5 14
+0s 339 -750.711 968.681 5 14
+0s 340 -360.258 539.686 5 14
+0s 341 -736.722 961.974 5 14
+0s 342 -352.855 390.773 5 14
+0s 343 -767.512 429.454 5 14
+0s 344 449.296 810.146 5 14
+0s 345 -460.932 -494.254 5 14
+0s 346 -873.239 180.966 5 14
+0s 347 437.81 567.631 5 14
+0s 348 846.681 -894.77 5 14
+0s 349 -515.956 946.534 5 14
+0s 350 -134.616 -168.663 5 14
+0s 351 -0.306044 -569.914 5 14
+0s 352 -116.698 -312.829 5 14
+0s 353 -730.375 -151.439 5 14
+0s 354 -10.2074 243.123 5 14
+0s 355 885.552 -480.48 5 14
+0s 356 -203.209 -739.114 5 14
+0s 357 588.98 999.147 5 14
+0s 358 -134.577 586.42 5 14
+0s 359 873.326 -986.397 5 14
+0s 360 -764.734 -972.131 5 14
+0s 361 910.578 807.967 5 14
+0s 362 -359.312 -522.249 5 14
+0s 363 248.004 636.201 5 14
+0s 364 275.478 649.985 5 14
+0s 365 238.512 980.789 5 14
+0s 366 387.781 51.4628 5 14
+0s 367 393.164 506.881 5 14
+0s 368 -640.122 597.651 5 14
+0s 369 451.688 27.3657 5 14
+0s 370 740.998 -587.643 5 14
+0s 371 -20.5221 -219.693 5 14
+0s 372 -249.379 -178.673 5 14
+0s 373 655.471 -597.26 5 14
+0s 374 -709.398 -931.018 5 14
+0s 375 -143.094 -189.895 5 14
+0s 376 268.67 404.05 5 14
+0s 377 245.862 -471.805 5 14
+0s 378 -964.731 875.981 5 14
+0s 379 925.283 643.785 5 14
+0s 380 857.613 294.108 5 14
+0s 381 -71.4848 -474.253 5 14
+0s 382 589.995 -565.625 5 14
+0s 383 -200.154 -413.525 5 14
+0s 384 -898.943 -733.78 5 14
+0s 385 -227.254 -191.684 5 14
+0s 386 44.8087 144.481 5 14
+0s 387 -683.748 464.629 5 14
+0s 388 446.592 613.843 5 14
+0s 389 453.75 -203.711 5 14
+0s 390 -912.176 35.2032 5 14
+0s 391 -410.133 -605.943 5 14
+0s 392 438.276 -892.151 5 14
+0s 393 791.104 575.491 5 14
+0s 394 -533.301 92.2764 5 14
+0s 395 -259.843 -795.571 5 14
+0s 396 -849.118 -350.172 5 14
+0s 397 -348.574 103.901 5 14
+0s 398 -852.822 -912.248 5 14
+0s 399 874.202 -276.331 5 14
+0s 400 -966.872 572.383 5 14
+0s 401 764.755 63.7386 5 14
+0s 402 833.847 -221.381 5 14
+0s 403 505.207 572.073 5 14
+0s 404 -21.8341 -424.3 5 14
+0s 405 427.867 -286.688 5 14
+0s 406 847.354 -249.33 5 14
+0s 407 -347.757 -243.863 5 14
+0s 408 -130.76 471.083 5 14
+0s 409 804.698 954.871 5 14
+0s 410 329.563 838.203 5 14
+0s 411 -47.7295 77.3047 5 14
+0s 412 635.167 7.26656 5 14
+0s 413 -837.442 -357.684 5 14
+0s 414 -676.788 668.342 5 14
+0s 415 75.1232 -833.142 5 14
+0s 416 559.937 -708.402 5 14
+0s 417 -563.438 -542.978 5 14
+0s 418 -210.4 226.91 5 14
+0s 419 -127.372 -569.403 5 14
+0s 420 -8.17803 -704.45 5 14
+0s 421 -113.823 -173.356 5 14
+0s 422 -799.519 -457.212 5 14
+0s 423 732.354 -434.861 5 14
+0s 424 -987.727 566.789 5 14
+0s 425 -311.76 659.177 5 14
+0s 426 46.0807 777.176 5 14
+0s 427 -850.637 8.39033 5 14
+0s 428 236.535 890.012 5 14
+0s 429 534.144 327.657 5 14
+0s 430 445.893 -639.898 5 14
+0s 431 -219.848 -764.428 5 14
+0s 432 -567.454 725.202 5 14
+0s 433 363.201 -620.804 5 14
+0s 434 -191.226 -312.978 5 14
+0s 435 -337.837 621.402 5 14
+0s 436 920.663 94.3148 5 14
+0s 437 127.771 -846.799 5 14
+0s 438 718.73 703.763 5 14
+0s 439 4.16591 126.043 5 14
+0s 440 44.5029 -511.985 5 14
+0s 441 89.6542 -370.474 5 14
+0s 442 -107.206 -359.345 5 14
+0s 443 71.8704 564.08 5 14
+0s 444 -321.124 -976.291 5 14
+0s 445 -162.468 -713.88 5 14
+0s 446 237.657 -243.811 5 14
+0s 447 -319.212 503.607 5 14
+0s 448 -880.719 397.644 5 14
+0s 449 -106.729 95.3982 5 14
+0s 450 -98.6332 -484.8 5 14
+0s 451 676.752 890.339 5 14
+0s 452 -919.777 198.75 5 14
+0s 453 -228.278 -19.8928 5 14
+0s 454 983.365 93.2246 5 14
+0s 455 68.4729 -221.776 5 14
+0s 456 -773.969 510.687 5 14
+0s 457 -545.128 680.404 5 14
+0s 458 241.8 944.793 5 14
+0s 459 989.661 727.089 5 14
+0s 460 716.686 183.387 5 14
+0s 461 -494.236 -35.8217 5 14
+0s 462 -904.317 -441.016 5 14
+0s 463 -853.6 482.993 5 14
+0s 464 522.731 958.741 5 14
+0s 465 -392.925 493.72 5 14
+0s 466 426.77 -299.973 5 14
+0s 467 949.462 408.257 5 14
+0s 468 783.624 661.191 5 14
+0s 469 -554.522 -131.457 5 14
+0s 470 -998.949 -763.77 5 14
+0s 471 -782.932 911.94 5 14
+0s 472 -101.959 270.005 5 14
+0s 473 25.7439 780.325 5 14
+0s 474 247.6 293.609 5 14
+0s 475 327.283 -768.449 5 14
+0s 476 235.969 -668.218 5 14
+0s 477 209.346 614.555 5 14
+0s 478 700.881 769.953 5 14
+0s 479 -746.002 -787.658 5 14
+0s 480 -103.533 930.256 5 14
+0s 481 20.6432 -387.605 5 14
+0s 482 -883.662 715.777 5 14
+0s 483 -159.403 -190.95 5 14
+0s 484 97.2771 511.548 5 14
+0s 485 -469.467 -97.8205 5 14
+0s 486 994.151 -133.828 5 14
+0s 487 992.181 -85.0809 5 14
+0s 488 44.5973 354.223 5 14
+0s 489 -37.1122 -687.968 5 14
+0s 490 137.035 -973.023 5 14
+0s 491 800.603 246.317 5 14
+0s 492 402.689 -887.561 5 14
+0s 493 679.038 -962.757 5 14
+0s 494 -308.725 -304.755 5 14
+0s 495 -361.029 511.29 5 14
+0s 496 175.777 -714.448 5 14
+0s 497 -708.948 764.596 5 14
+0s 498 -144.287 895.103 5 14
+0s 499 -102.998 902.471 5 14
+0s 500 -281.082 -500.846 5 14
+0s 501 -376.34 208.551 5 14
+0s 502 -433.836 757.221 5 14
+0s 503 360.493 499.125 5 14
+0s 504 -572.641 912.737 5 14
+0s 505 -634.02 603.222 5 14
+0s 506 647.23 -228.503 5 14
+0s 507 -58.5895 262.474 5 14
+0s 508 -553.797 -934.416 5 14
+0s 509 -764.616 -391.267 5 14
+0s 510 -824.939 -422.421 5 14
+0s 511 -771.325 299.839 5 14
+0s 512 -268.392 299.373 5 14
+0s 513 699.247 -976.942 5 14
+0s 514 758.874 360.21 5 14
+0s 515 186.794 864.237 5 14
+0s 516 -750.468 581.813 5 14
+0s 517 484.395 -317.543 5 14
+0s 518 -598.019 457.075 5 14
+0s 519 -334.56 531.402 5 14
+0s 520 744.968 -576.327 5 14
+0s 521 -279.467 -64.4855 5 14
+0s 522 440.639 487.722 5 14
+0s 523 552.829 231.981 5 14
+0s 524 -842.13 -622.607 5 14
+0s 525 138.278 -206.409 5 14
+0s 526 -786.445 639.282 5 14
+0s 527 -521.161 9.78805 5 14
+0s 528 37.8899 -386.69 5 14
+0s 529 941.249 478.638 5 14
+0s 530 -784.35 -993.856 5 14
+0s 531 -839.547 -82.7544 5 14
+0s 532 -800.181 -453.551 5 14
+0s 533 966.739 -920.07 5 14
+0s 534 -505.677 403.493 5 14
+0s 535 -516.965 195.952 5 14
+0s 536 -85.7614 -131.16 5 14
+0s 537 416.66 996.157 5 14
+0s 538 808.783 -531.548 5 14
+0s 539 -658.353 489.138 5 14
+0s 540 -474.887 -525.917 5 14
+0s 541 -87.9757 -867.277 5 14
+0s 542 -746.921 370.544 5 14
+0s 543 777.789 183.982 5 14
+0s 544 878.665 -288.596 5 14
+0s 545 -779.915 -639.048 5 14
+0s 546 -560.145 554.504 5 14
+0s 547 86.7485 752.16 5 14
+0s 548 526.43 227.919 5 14
+0s 549 557.829 -220.018 5 14
+0s 550 124.778 748.554 5 14
+36000s 1 577.601 -372.343 5 14
+36000s 2 -692.944 -497.888 5 14
+36000s 3 -704.608 -693.42 5 14
+36000s 4 635.641 -245.933 5 14
+36000s 5 531.103 -731.756 5 14
+36000s 6 -583 936.031 5 14
+36000s 7 -716.382 593.244 5 14
+36000s 8 691.707 116.203 5 14
+36000s 9 197.024 -509.232 5 14
+36000s 10 -65.2807 -466.799 5 14
+36000s 11 -136.842 -169.861 5 14
+36000s 12 465.725 -745.253 5 14
+36000s 13 308.342 284.365 5 14
+36000s 14 500.059 -674.3 5 14
+36000s 15 249.071 -211.7 5 14
+36000s 16 -230.427 -279.426 5 14
+36000s 17 -425.474 -913.661 5 14
+36000s 18 -854.734 -515.925 5 14
+36000s 19 142.385 955.213 5 14
+36000s 20 -571.52 -175.9 5 14
+36000s 21 -435.961 -759.259 5 14
+36000s 22 394.281 509.739 5 14
+36000s 23 985.663 -627.347 5 14
+36000s 24 -793.488 -542.222 5 14
+36000s 25 149.358 -345.975 5 14
+36000s 26 442.334 -820.435 5 14
+36000s 27 -861.46 40.4098 5 14
+36000s 28 335.704 275.371 5 14
+36000s 29 157.65 58.958 5 14
+36000s 30 393.54 475.945 5 14
+36000s 31 -427.489 -819.127 5 14
+36000s 32 26.8593 689.882 5 14
+36000s 33 215.915 -412.983 5 14
+36000s 34 -157.672 969.101 5 14
+36000s 35 -267.049 -478.295 5 14
+36000s 36 147.889 681.895 5 14
+36000s 37 22.1707 -378.392 5 14
+36000s 38 -344.279 284.355 5 14
+36000s 39 -510.695 627.379 5 14
+36000s 40 -856.012 -462.13 5 14
+36000s 41 9.05277 902.406 5 14
+36000s 42 824.913 27.2889 5 14
+36000s 43 841.503 739.153 5 14
+36000s 44 -256.663 377.984 5 14
+36000s 45 -336.092 61.9238 5 14
+36000s 46 -987.46 -563.614 5 14
+36000s 47 147.331 -698.073 5 14
+36000s 48 641.291 662.617 5 14
+36000s 49 -812.137 637.221 5 14
+36000s 50 -327.222 162.808 5 14
+36000s 51 -180.655 472.791 5 14
+36000s 52 -275.828 -174.847 5 14
+36000s 53 654.816 650.844 5 14
+36000s 54 449.881 -713.585 5 14
+36000s 55 838.409 -297.831 5 14
+36000s 56 60.8596 -535.109 5 14
+36000s 57 -97.5063 621.493 5 14
+36000s 58 -517.773 212.311 5 14
+36000s 59 -253.59 -364.831 5 14
+36000s 60 936.965 334.867 5 14
+36000s 61 901.599 451.164 5 14
+36000s 62 -323.37 659.166 5 14
+36000s 63 580.448 -213.128 5 14
+36000s 64 -889.135 -697.628 5 14
+36000s 65 -768.86 -670.319 5 14
+36000s 66 -222.603 46.8449 5 14
+36000s 67 71.266 -775.768 5 14
+36000s 68 63.0228 166.82 5 14
+36000s 69 -532.239 743 5 14
+36000s 70 -620.25 727.489 5 14
+36000s 71 559.474 285.345 5 14
+36000s 72 -16.4963 -100.677 5 14
+36000s 73 812.734 404.002 5 14
+36000s 74 93.7534 66.6934 5 14
+36000s 75 -724.288 564.092 5 14
+36000s 76 538.396 -642.654 5 14
+36000s 77 -864.224 496.341 5 14
+36000s 78 -614.579 954.179 5 14
+36000s 79 -643.2 612.318 5 14
+36000s 80 973.601 572.842 5 14
+36000s 81 -547.771 -320.103 5 14
+36000s 82 -370.937 213.22 5 14
+36000s 83 -979.874 124.525 5 14
+36000s 84 -162.989 303.387 5 14
+36000s 85 -622.716 981.953 5 14
+36000s 86 -622.134 -695.3 5 14
+36000s 87 158.698 -548.402 5 14
+36000s 88 -783.801 770.29 5 14
+36000s 89 -989.176 169.574 5 14
+36000s 90 -312.932 489.348 5 14
+36000s 91 62.9084 -57.7515 5 14
+36000s 92 -509.999 -495.187 5 14
+36000s 93 -916.64 -839.407 5 14
+36000s 94 911.412 -710.969 5 14
+36000s 95 -742.308 -279.151 5 14
+36000s 96 261.655 -334.554 5 14
+36000s 97 67.983 668.748 5 14
+36000s 98 170.764 -345.664 5 14
+36000s 99 147.39 612.585 5 14
+36000s 100 -511.269 789.4 5 14
