+0s 1 577.601 -372.343 5 14
+0s 2 -692.944 -497.888 5 14
+0s 3 -704.608 -693.42 5 14
+0s 4 635.641 -245.933 5 14
+0s 5 531.103 -731.756 5 14
+0s 6 -583 936.031 5 14
+0s 7 -716.382 593.244 5 14
+0s 8 691.707 116.203 5 14
+0s 9 197.024 -509.232 5 14
+0s 10 -65.2807 -466.799 5 14
+0s 11 -136.842 -169.861 5 14
+0s 12 465.725 -745.253 5 14
+0s 13 308.342 284.365 5 14
+0s 14 500.059 -674.3 5 14
+0s 15 249.071 -211.7 5 14
+0s 16 -230.427 -279.426 5 14
+0s 17 -425.474 -913.661 5 14
+0s 18 -854.734 -515.925 5 14
+0s 19 142.385 955.213 5 14
+0s 20 -571.52 -175.9 5 14
+0s 21 -435.961 -759.259 5 14
+0s 22 394.281 509.739 5 14
+0s 23 985.663 -627.347 5 14
+0s 24 -793.488 -542.222 5 14
+0s 25 149.358 -345.975 5 14
+0s 26 442.334 -820.435 5 14
+0s 27 -861.46 40.4098 5 14
+0s 28 335.704 275.371 5 14
+0s 29 157.65 58.958 5 14
+0s 30 393.54 475.945 5 14
+0s 31 -427.489 -819.127 5 14
+0s 32 26.8593 689.882 5 14
+0s 33 215.915 -412.983 5 14
+0s 34 -157.672 969.101 5 14
+0s 35 -267.049 -478.295 5 14
+0s 36 147.889 681.895 5 14
+0s 37 22.1707 -378.392 5 14
+0s 38 -344.279 284.355 5 14
+0s 39 -510.695 627.379 5 14
+0s 40 -856.012 -462.13 5 14
+0s 41 9.05277 902.406 5 14
+0s 42 824.913 27.2889 5 14
+0s 43 841.503 739.153 5 14
+0s 44 -256.663 377.984 5 14
+0s 45 -336.092 61.9238 5 14
+0s 46 -987.46 -563.614 5 14
+0s 47 147.331 -698.073 5 14
+0s 48 641.291 662.617 5 14
+0s 49 -812.137 637.221 5 14
+0s 50 -327.222 162.808 5 14
+0s 51 -180.655 472.791 5 14
+0s 52 -275.828 -174.847 5 14
+0s 53 654.816 650.844 5 14
+0s 54 449.881 -713.585 5 14
+0s 55 838.409 -297.831 5 14
+0s 56 60.8596 -535.109 5 14
+0s 57 -97.5063 621.493 5 14
+0s 58 -517.773 212.311 5 14
+0s 59 -253.59 -364.831 5 14
+0s 60 936.965 334.867 5 14
+0s 61 901.599 451.164 5 14
+0s 62 -323.37 659.166 5 14
+0s 63 580.448 -213.128 5 14
+0s 64 -889.135 -697.628 5 14
+0s 65 -768.86 -670.319 5 14
+0s 66 -222.603 46.8449 5 14
+0s 67 71.266 -775.768 5 14
+0s 68 63.0228 166.82 5 14
+0s 69 -532.239 743 5 14
+0s 70 -620.25 727.489 5 14
+0s 71 559.474 285.345 5 14
+0s 72 -16.4963 -100.677 5 14
+0s 73 812.734 404.002 5 14
+0s 74 93.7534 66.6934 5 14
+0s 75 -724.288 564.092 5 14
+0s 76 538.396 -642.654 5 14
+0s 77 -864.224 496.341 5 14
+0s 78 -614.579 954.179 5 14
+0s 79 -643.2 612.318 5 14
+0s 80 973.601 572.842 5 14
+0s 81 -547.771 -320.103 5 14
+0s 82 -370.937 213.22 5 14
+0s 83 -979.874 124.525 5 14
+0s 84 -162.989 303.387 5 14
+0s 85 -622.716 981.953 5 14
+0s 86 -622.134 -695.3 5 14
+0s 87 158.698 -548.402 5 14
+0s 88 -783.801 770.29 5 14
+0s 89 -989.176 169.574 5 14
+0s 90 -312.932 489.348 5 14
+0s 91 62.9084 -57.7515 5 14
+0s 92 -509.999 -495.187 5 14
+0s 93 -916.64 -839.407 5 14
+0s 94 911.412 -710.969 5 14
+0s 95 -742.308 -279.151 5 14
+0s 96 261.655 -334.554 5 14
+0s 97 67.983 668.748 5 14
+0s 98 170.764 -345.664 5 14
+0s 99 147.39 612.585 5 14
+0s 100 -511.269 789.4 5 14
+0s 101 -987.894 -745.593 5 14
+0s 102 -313.039 -404.525 5 14
+0s 103 249.238 241.338 5 14
+0s 104 618.727 892.217 5 14
+0s 105 456.064 457.819 5 14
+0s 106 -14.1208 873.814 5 14
+0s 107 -251.285 -338.589 5 14
+0s 108 -854.267 267.788 5 14
+0s 109 -22.0597 12.4839 5 14
+0s 110 852.325 -199.177 5 14
+0s 111 795.159 897.069 5 14
+0s 112 74.3668 843.115 5 14
+0s 113 133.755 963.762 5 14
+0s 114 -762.195 584.653 5 14
+0s 115 -39.1693 26.4498 5 14
+0s 116 -781.188 772.828 5 14
+0s 117 449.307 -581.004 5 14
+0s 118 -544.117 262.185 5 14
+0s 119 728.687 503.411 5 14
+0s 120 -402.564 153.249 5 14
+0s 121 -815.798 -806.744 5 14
+0s 122 252.089 -760.918 5 14
+0s 123 -904.074 -927.993 5 14
+0s 124 949.515 -408.878 5 14
+0s 125 -732.526 -240.855 5 14
+0s 126 -832.424 566.99 5 14
+0s 127 676.634 185.743 5 14
+0s 128 -133.216 687.931 5 14
+0s 129 450.037 936.842 5 14
+0s 130 -897.344 921.594 5 14
+0s 131 946.213 405.534 5 14
+0s 132 -534.552 -145.161 5 14
+0s 133 -453.655 -739.825 5 14
+0s 134 -268.116 -868.054 5 14
+0s 135 -759.694 -104.921 5 14
+0s 136 -897.854 -126.99 5 14
+0s 137 772.463 -839.25 5 14
+0s 138 -525.437 -600.395 5 14
+0s 139 321.236 -867.455 5 14
+0s 140 -950.418 352.28 5 14
+0s 141 160.49 580.15 5 14
+0s 142 386.081 -844.46 5 14
+0s 143 -719.385 -926.868 5 14
+0s 144 -313.905 808.96 5 14
+0s 145 633.675 -471.423 5 14
+0s 146 831.666 510.597 5 14
+0s 147 678.5 -738.951 5 14
+0s 148 939.657 -564.892 5 14
+0s 149 -708.25 543.748 5 14
+0s 150 463.622 725.03 5 14
+0s 151 537.268 -640.172 5 14
+0s 152 -215.368 -855.911 5 14
+0s 153 504.907 326.716 5 14
+0s 154 -701.506 438.87 5 14
+0s 155 960.762 -357.232 5 14
+0s 156 -839.195 863.612 5 14
+0s 157 397.108 -354.583 5 14
+0s 158 -364.844 -946.54 5 14
+0s 159 525.576 -854.7 5 14
+0s 160 452.643 173.686 5 14
+0s 161 961.35 -1.06149 5 14
+0s 162 465.356 -537.419 5 14
+0s 163 303.37 657.343 5 14
+0s 164 -773.063 -124.42 5 14
+0s 165 -518.345 529.42 5 14
+0s 166 -728.432 -402.387 5 14
+0s 167 -259.762 -535.24 5 14
+0s 168 -956.734 37.7916 5 14
+0s 169 652.942 -417.172 5 14
+0s 170 -304.836 -927.828 5 14
+0s 171 949.553 -378.39 5 14
+0s 172 -137.185 752.064 5 14
+0s 173 658.08 905.289 5 14
+0s 174 -225.989 -715.619 5 14
+0s 175 -709.717 960.969 5 14
+0s 176 735.7 -113.632 5 14
+0s 177 600.311 268.874 5 14
+0s 178 -402.303 -509.598 5 14
+0s 179 -74.9396 593.376 5 14
+0s 180 -303.277 -949.331 5 14
+0s 181 481.266 -238.045 5 14
+0s 182 -423.563 -886.331 5 14
+0s 183 740.213 -343.413 5 14
+0s 184 292.961 226.197 5 14
+0s 185 -831.331 55.1917 5 14
+0s 186 142.533 -587.729 5 14
+0s 187 192.93 -599.457 5 14
+0s 188 166.904 220.812 5 14
+0s 189 -298.518 429.569 5 14
+0s 190 453.459 967.109 5 14
+0s 191 -163.522 -178.872 5 14
+0s 192 -893.631 741.955 5 14
+0s 193 -857.894 411.349 5 14
+0s 194 -318.86 -448.263 5 14
+0s 195 -518.399 -370.659 5 14
+0s 196 -807.6 165.119 5 14
+0s 197 -101.59 991.797 5 14
+0s 198 -938.434 310.36 5 14
+0s 199 332.689 367.899 5 14
+0s 200 381.111 -715.38 5 14
